       mono  -3 -1.26   0.0014555  W8AC EN91 37            0  0.75  1  1    0  0   0     1   645
       mono -23  2.54   0.0014640  AC2ZR FN13 17           0  0.19  1  1    0  0  13     1   377
       mono  -1 -1.21   0.0014800  W0WLY FN02 23           0  0.80  1  1    0  0   0     1   676
       mono -29 -1.21   0.0015029  N2JP FM28 10            0  0.23  2  1   -8  0  37   343  -164
       mono -20 -1.26   0.0015074  W8EDU EN91 23           0  0.35  1  1    0  0   1     1   519
       mono  -8 -1.04   0.0015176  KJ4G FM19 23            0  0.57  1  1    0  0   1     1   583
       mono -22 -0.74   0.0015211  N4TRB EM73 33          -2  0.26  2  1    0  0  28     6    80
       mono -13 -1.13   0.0015337  N8VZ EM89 23            0  0.60  1  1    0  0   0     1   711
       mono  -6  0.79   0.0015460  W2RCL FM19 23           0  0.77  1  1    0  0   1     1   667
       mono  -4 -1.30   0.0015705  W1TKO FN42 23           0  0.80  1  1    0  0   1     1   616
       mono -23 -1.13   0.0015785  N8PK FM19 20            0  0.21  1  1    0  0  23     4   100
       mono -19 -0.32   0.0015911  VE2DPF FN35 37          0  0.41  1  1    0  0   9     1   511
