       mono -23 -1.55   0.0014693  K2PI FM18 13            0  0.26  1  1    0  0  28     9    78
       mono -24 -1.47   0.0014849  W1QED FN42 37           0  0.30  1  1    0  0  34   625   -82
       mono -13 -1.47   0.0015068  W1QED FN42 37           0  0.26  1  1    0  0  34     5   -36
       mono -14 -1.47   0.0015112  W1QED FN42 37           0  0.57  2  1    0  0   5     1   573
       mono -13 -1.47   0.0015156  W1QED FN42 37           0  0.36  1  1    0  0  42   545   -45
       mono -16 -1.47   0.0015244  W1QED FN42 37           0  0.54  1  1    0  0  30    12   106
       mono -22 -1.47   0.0015376  W1QED FN42 37           0  0.33  2  1    0  0  37   115  -106
       mono  -7  0.45   0.0015460  W2RCL FM19 23           0  0.68  1  1    0  0   1     1   659
       mono -22 -1.64   0.0015534  N8PK FM19 20            0  0.25  1  1    0  0  19     3   233
       mono  -6 -1.55   0.0015701  <...> EM94LX 30         0  0.62  1  1    0  0  51     1   607
       mono -15 -1.55   0.0015805  N8VZ EM89 23            0  0.58  1  1    0  0   2     1   656
